3250 7
3604
4207 9
4445
5348 12
5393
5690 9
6526 13
48111
50823 22
51166
51769 24
52846
54062 28
54109
54431 29
55263
55864 31
60704
61001 32
61095
61392 33
61876
62172 34
62340
65390 44
65744
66347 46
66585
69333 55
69469 46
70305 55
70677
71274 57
77730
78027 58
78089
78386 59
78616
78913 60
78987
79288 61
80085
80386 62
80451
80752 63
81587
81884 64
82278
84408 71
84494
84795 72
84863
85164 73
85288
85589 74
86619
86920 75
87364
90715 86
91069
91672 88
91910
92813 91
93395
95213 88
96049
96980 100
96987
