3506 7
3860
4463 9
4703
5606 12
5651
5948 9
6784 13
48090
50802 22
51145
51748 24
52827
54043 28
54090
54412 29
55244
55845 31
60685
60982 32
61076
61373 33
61857
62153 34
62321
65371 44
65725
66328 46
66568
67178 46
68014
70152 55
70660
71257 57
78560
78857 58
78919
79216 59
79446
79743 60
79817
80118 61
80845
81146 62
81211
81512 63
82325
82622 64
83020
85150 71
85236
85537 72
85605
85906 73
86030
86331 74
87361
87662 75
88106
91457 86
91811
92414 88
92654
93557 91
93634 88
94470 91
94975
97724 100
97731
