1950 7
2304
2907 9
4002
4905 12
4950
5247 13
46548
49260 22
49603
50206 24
51224
52440 28
52487
52809 29
53629
54230 31
59070
59367 32
59461
59758 33
60242
60538 34
60706
63756 44
64110
64713 46
65020
67768 55
67904 46
68612 55
68984
69581 57
76037
76334 58
76396
76693 59
76903
77200 60
77274
77575 61
78372
78673 62
78738
79039 63
79874
80171 64
80565
82695 71
82781
83082 72
83150
83451 73
83575
83876 74
84906
85207 75
85651
89002 86
89356
89959 88
90266
91169 91
91449 88
92157 91
92326
92623 92
93057
95802 101
95820
