1950 7
2304
2907 9
4005
4908 12
4953
5250 13
47278
49990 22
50333
50936 24
51957
53173 28
53220
53542 29
54374
54975 31
59815
60112 32
60206
60503 33
60987
61283 34
61451
64501 44
64855
65458 46
65768
67593 46
68301
69224 55
69732
70329 57
71871
72168 58
72230
72527 59
72937
73234 60
73308
73609 61
74434
74735 62
74800
75101 63
75936
76233 64
76829
78959 71
79045
79346 72
79414
79715 73
79839
80140 74
80846
81147 75
82189
85540 86
85894
86497 88
86807
87710 91
87830 88
88538 91
88624
88921 92
89134
89431 93
89655
92404 102
92422
