1950 7
2304
2907 9
4003
4906 12
4951
5248 13
46552
49264 22
49607
50210 24
51229
52445 28
52492
52814 29
53646
54247 31
59087
59384 32
59478
59775 33
60259
60555 34
60723
63773 44
64127
64730 46
65038
67786 55
67922 46
68630 55
69002
69599 57
76055
76352 58
76414
76711 59
76921
77218 60
77292
77593 61
78390
78691 62
78756
79057 63
79892
80189 64
80583
82713 71
82799
83100 72
83168
83469 73
83593
83894 74
84924
85225 75
85669
89020 86
89374
89977 88
90285
91188 91
91463 88
92171 91
92294
92591 92
93146
95891 101
95909
