1950 7
2304
2907 9
4005
4908 12
4953
5250 13
46556
49268 22
49611
50214 24
51235
52451 28
52498
52820 29
53652
54253 31
59093
59390 32
59484
59781 33
60265
60561 34
60729
63779 44
64133
64736 46
65046
67794 55
67930 46
68638 55
69010
69607 57
76063
76360 58
76422
76719 59
76929
77226 60
77300
77601 61
78398
78699 62
78764
79065 63
79900
80197 64
80591
82721 71
82807
83108 72
83176
83477 73
83601
83902 74
84932
85233 75
85677
89028 86
89382
89985 88
90295
91198 91
91318 88
92026 91
92112
92409 92
92670
92967 93
93431
96180 102
96198
