2204 7
2558
3161 9
3506
4409 12
4454
4751 9
5459 13
46770
49482 22
49825
50428 24
51446
52662 28
52709
53031 29
53839
54440 31
59280
59577 32
59671
59968 33
60452
60748 34
60916
63966 44
64320
64923 46
65751
68499 55
69007
69604 57
69653 46
69840 57
76247
76544 58
76606
76903 59
77113
77410 60
77484
77785 61
78582
78883 62
78948
79249 63
80084
80381 64
80775
82905 71
82991
83292 72
83360
83661 73
83785
84086 74
85116
85417 75
85861
89212 86
89566
90169 88
90476
91379 91
91666 88
92374 91
92433
95182 100
95189
