2204 7
2558
3161 9
4266
5169 12
5214
5511 13
47481
50193 22
50536
51139 24
52167
53383 28
53430
53752 29
54584
55185 31
60024
60321 32
60415
60712 33
61196
61492 34
61660
64710 44
65064
65667 46
65984
68415 46
69123
69440 55
69948
70545 57
72087
72384 58
72446
72743 59
72953
73250 60
73324
73625 61
74450
74751 62
74816
75117 63
75952
76249 64
76643
78773 71
78859
79160 72
79228
79529 73
79653
79954 74
80660
80961 75
81490
84841 86
85195
85798 88
86115
87018 91
87137 88
87845 91
87930
88227 92
88487
88784 93
89022
91771 102
91786
