2204 7
2558
3161 9
4257
5160 12
5205
5502 13
47460
50172 22
50515
51118 24
52137
53353 28
53400
53722 29
54554
55155 31
59995
60292 32
60386
60683 33
61167
61463 34
61631
64681 44
65035
65638 46
65946
68694 55
68830 46
69538 55
69910
70507 57
72049
72346 58
72408
72705 59
73022
73319 60
73393
73694 61
74421
74722 62
74787
75088 63
75923
76220 64
76630
78760 71
78846
79147 72
79215
79516 73
79640
79941 74
80647
80948 75
81786
85137 86
85491
86094 88
86923
87826 91
87946 88
88133 91
88219
88516 92
88776
89073 93
89537
92286 102
92304
