2204 7
2558
3161 9
4256
5159 12
5204
5501 13
46830
49542 22
49885
50488 24
51506
52722 28
52769
53091 29
53923
54524 31
59364
59661 32
59755
60052 33
60536
60832 34
61000
64050 44
64404
65007 46
65314
68062 55
68198 46
68906 55
69278
69875 57
76331
76628 58
76690
76987 59
77197
77494 60
77568
77869 61
78666
78967 62
79032
79333 63
80168
80465 64
80859
82989 71
83075
83376 72
83444
83745 73
83869
84170 74
85200
85501 75
85945
89296 86
89650
90253 88
90560
91463 91
91540 88
92248 91
92753
95502 100
95509
