1950 7
2304
2907 9
4004
4907 12
4952
5249 13
47199
49911 22
50254
50857 24
51877
53093 28
53140
53462 29
54294
54895 31
59735
60032 32
60126
60423 33
60907
61203 34
61371
64421 44
64775
65378 46
65687
68435 55
68571 46
69279 55
69651
70248 57
71790
72087 58
72149
72446 59
72658
72955 60
73029
73330 61
74155
74456 62
74521
74822 63
75657
75954 64
76348
78478 71
78564
78865 72
78933
79234 73
79358
79659 74
80365
80666 75
81207
84558 86
84912
85515 88
85824
86727 91
86846 88
87554 91
87639
87936 92
88197
88494 93
88732
91481 102
91499
