1950 7
2304
2907 9
4005
4908 12
4953
5250 13
47279
49991 22
50334
50937 24
51958
53174 28
53221
53543 29
54375
54976 31
59816
60113 32
60207
60504 33
60988
61284 34
61452
64502 44
64856
65459 46
65769
68517 55
68653 46
69361 55
69733
70330 57
71872
72169 58
72231
72528 59
72938
73235 60
73309
73610 61
74435
74736 62
74801
75102 63
75937
76234 64
76830
78960 71
79046
79347 72
79415
79716 73
79840
80141 74
80847
81148 75
82190
85541 86
85895
86498 88
86808
87711 91
87831 88
88539 91
88625
88922 92
89183
89480 93
89718
92467 102
92485
