1950 7
2304
2907 9
4012
4915 12
4960
5257 13
47218
49930 22
50273
50876 24
51904
53120 28
53167
53489 29
54321
54922 31
59762
60059 32
60153
60450 33
60934
61230 34
61398
64448 44
64802
65405 46
65722
68470 55
68606 46
69314 55
69686
70283 57
71825
72122 58
72184
72481 59
72691
72988 60
73062
73363 61
74188
74489 62
74554
74855 63
75690
75987 64
76381
78511 71
78597
78898 72
78966
79267 73
79391
79692 74
80398
80699 75
81228
84579 86
84933
85536 88
85853
86756 91
86875 88
87583 91
87668
87965 92
88225
88522 93
88760
91509 102
91524
