1950 7
2304
2907 9
4009
4912 12
4957
5254 13
47264
49976 22
50319
50922 24
51947
53163 28
53210
53532 29
54364
54965 31
59805
60102 32
60196
60493 33
60977
61273 34
61441
64491 44
64845
65448 46
65762
68510 55
68646 46
69354 55
69726
70323 57
71865
72162 58
72224
72521 59
72911
73208 60
73282
73583 61
74408
74709 62
74774
75075 63
75910
76207 64
76779
78909 71
78995
79296 72
79364
79665 73
79789
80090 74
80796
81097 75
82073
85424 86
85778
86381 88
86695
87598 91
87718 88
88426 91
88512
88809 92
89069
89366 93
89604
92353 102
92371
