1950 7
2304
2907 9
4004
4907 12
4952
5249 13
46845
49557 22
49900
50503 24
51523
52739 28
52786
53108 29
53940
54541 31
59381
59678 32
59772
60069 33
60553
60849 34
61017
64067 44
64421
65024 46
65333
68081 55
68217 46
68925 55
69297
69894 57
76350
76647 58
76709
77006 59
77236
77533 60
77607
77908 61
78683
78984 62
79049
79350 63
80185
80482 64
80876
83006 71
83092
83393 72
83461
83762 73
83886
84187 74
85217
85518 75
85962
89313 86
89667
90270 88
90579
91482 91
91827
92732 88
93440
95284 100
95291
