2204 7
2558
3161 9
4256
5159 12
5204
5501 13
46829
49541 22
49884
50487 24
51505
52721 28
52768
53090 29
53922
54523 31
59363
59660 32
59754
60051 33
60535
60831 34
60999
64049 44
64403
65006 46
65313
68061 55
68270 46
68978 55
69277
69874 57
76330
76627 58
76689
76986 59
77196
77493 60
77567
77868 61
78665
78966 62
79031
79332 63
80167
80464 64
80858
82988 71
83074
83375 72
83443
83744 73
83868
84169 74
85199
85500 75
85944
89295 86
89649
90252 88
90559
91462 91
91539 88
92247 91
92752
95501 100
95508
