1950 7
2304
2907 9
4010
4913 12
4958
5255 13
47284
49996 22
50339
50942 24
51968
53184 28
53231
53553 29
54385
54986 31
59826
60123 32
60217
60514 33
60998
61294 34
61462
64512 44
64866
65469 46
65784
68532 55
68668 46
69376 55
69748
70345 57
71887
72184 58
72246
72543 59
72860
73157 60
73231
73532 61
74357
74658 62
74723
75024 63
75859
76156 64
76659
78789 71
78875
79176 72
79244
79545 73
79669
79970 74
80676
80977 75
81926
85277 86
85631
86234 88
86549
87452 91
87572 88
88280 91
88366
88663 92
88861
89158 93
89634
92383 102
92401
