2204 7
2558
3161 9
4259
5162 12
5207
5504 13
47457
50169 22
50512
51115 24
52136
53352 28
53399
53721 29
54553
55154 31
59994
60291 32
60385
60682 33
61166
61462 34
61630
64680 44
65034
65637 46
65947
68695 55
68831 46
69539 55
69911
70508 57
72050
72347 58
72409
72706 59
73189
73486 60
73560
73861 61
74686
74987 62
75052
75353 63
76188
76485 64
77146
79276 71
79362
79663 72
79731
80032 73
80156
80457 74
81163
81464 75
82640
85991 86
86345
86948 88
87258
88161 91
88238 88
88946 91
89449
92198 100
92205
