3504 7
3858
4461 9
5220
6123 12
6168
6465 9
6780 13
48077
50789 22
51132
51735 24
52812
54028 28
54075
54397 29
55229
55830 31
60670
60967 32
61061
61358 33
61842
62138 34
62306
65356 44
65710
66313 46
67072
69820 55
69956 46
70271 55
70643
71240 57
77696
77993 58
78055
78352 59
78582
78879 60
78953
79254 61
80029
80330 62
80395
80696 63
81531
81828 64
82222
84352 71
84438
84739 72
84807
85108 73
85232
85533 74
86563
86864 75
87308
90659 86
91013
91616 88
91854
92757 91
93096 88
93932 91
93975
96724 100
96731
