1950 7
2304
2907 9
4010
4913 12
4958
5255 13
47285
49997 22
50340
50943 24
51969
53185 28
53232
53554 29
54386
54987 31
59827
60124 32
60218
60515 33
60999
61295 34
61463
64513 44
64867
65470 46
65785
68533 55
68669 46
69377 55
69749
70346 57
71888
72185 58
72247
72544 59
72942
73239 60
73313
73614 61
74439
74740 62
74805
75106 63
75941
76238 64
76816
78946 71
79032
79333 72
79401
79702 73
79826
80127 74
80833
81134 75
82143
85494 86
85848
86451 88
86766
87669 91
87789 88
88497 91
88583
88880 92
89066
89363 93
89595
92344 102
92362
