1950 7
2304
2907 9
4008
4911 12
4956
5253 13
47124
49836 22
50179
50782 24
51806
53022 28
53069
53391 29
54223
54824 31
59664
59961 32
60055
60352 33
60836
61132 34
61300
64350 44
64704
65307 46
65620
68368 55
68504 46
69212 55
69584
70181 57
71723
72020 58
72082
72379 59
72593
72890 60
72964
73265 61
74090
74391 62
74456
74757 63
75592
75889 64
76287
78417 71
78503
78804 72
78872
79173 73
79297
79598 74
80304
80605 75
81152
84503 86
84857
85460 88
85773
86676 91
86795 88
87503 91
87588
87885 92
88145
88442 93
88680
91429 102
91447
