1950 7
2304
2907 9
4008
4911 12
4956
5253 13
46564
49276 22
49619
50222 24
51246
52462 28
52509
52831 29
53663
54264 31
59104
59401 32
59495
59792 33
60276
60572 34
60740
63790 44
64144
64747 46
65060
67808 55
67944 46
68652 55
69024
69621 57
76077
76374 58
76436
76733 59
76943
77240 60
77314
77615 61
78412
78713 62
78778
79079 63
79914
80211 64
80605
82735 71
82821
83122 72
83190
83491 73
83615
83916 74
84946
85247 75
85691
89042 86
89396
89999 88
90312
91215 91
91555
92460 88
93168
95012 100
95019
