1950 7
2304
2907 9
4005
4908 12
4953
5250 13
47269
49981 22
50324
50927 24
51948
53164 28
53211
53533 29
54365
54966 31
59806
60103 32
60197
60494 33
60978
61274 34
61442
64492 44
64846
65449 46
65759
68507 55
68643 46
69351 55
69723
70320 57
71862
72159 58
72221
72518 59
72835
73132 60
73206
73507 61
74332
74633 62
74698
74999 63
75834
76131 64
76634
78764 71
78850
79151 72
79219
79520 73
79644
79945 74
80651
80952 75
81901
85252 86
85606
86209 88
86519
87422 91
87542 88
88250 91
88336
88633 92
88819
89116 93
89476
92225 102
92243
