1950 7
2304
2907 9
4008
4911 12
4956
5253 13
47207
49919 22
50262
50865 24
51889
53105 28
53152
53474 29
54306
54907 31
59747
60044 32
60138
60435 33
60919
61215 34
61383
64433 44
64787
65390 46
65703
68451 55
68587 46
69295 55
69667
70264 57
71806
72103 58
72165
72462 59
72692
72989 60
73063
73364 61
74189
74490 62
74555
74856 63
75691
75988 64
76382
78512 71
78598
78899 72
78967
79268 73
79392
79693 74
80399
80700 75
81229
84580 86
84934
85537 88
85850
86753 91
86872 88
87580 91
87665
87962 92
88222
88519 93
88757
91506 102
91522
